1000
0.000000 0.000000 0.000000
0.000000 0.000000 0.000000
0.000000 0.000000 0.000000
0.002000 0.000000 0.000000
0.000000 0.000000 0.000000
5000
0.000000 0.000000 0.000000
0.000000 0.000000 0.001000
0.001000 0.000000 0.001000
0.001000 0.000000 0.000000
0.002000 0.000000 0.001000
10000
0.002000 0.000000 0.002000
0.001000 0.000000 0.003000
0.001000 0.000000 0.000000
0.003000 0.001000 0.001000
0.001000 0.000000 0.000000
50000
0.011000 0.002000 0.011000
0.012000 0.003000 0.010000
0.013000 0.003000 0.010000
0.012000 0.003000 0.010000
0.011000 0.003000 0.011000
100000
0.028000 0.007000 0.026000
0.027000 0.006000 0.026000
0.028000 0.007000 0.026000
0.026000 0.006000 0.026000
0.026000 0.007000 0.025000
500000
0.244000 0.088000 0.271000
0.237000 0.090000 0.278000
0.248000 0.087000 0.274000
0.238000 0.089000 0.284000
0.240000 0.090000 0.276000
1000000
0.630000 0.246000 0.728000
0.619000 0.277000 0.718000
0.629000 0.242000 0.725000
0.622000 0.256000 0.716000
0.636000 0.245000 0.726000
5000000
