1000
0.000000 0.000000 0.000000
0.000000 0.000000 0.000000
0.001000 0.000000 0.000000
0.000000 0.000000 0.000000
0.000000 0.000000 0.000000
5000
0.001000 0.000000 0.001000
0.001000 0.002000 0.001000
0.001000 0.000000 0.002000
0.001000 0.000000 0.001000
0.001000 0.001000 0.001000
10000
0.003000 0.002000 0.002000
0.003000 0.001000 0.003000
0.003000 0.001000 0.003000
0.003000 0.002000 0.003000
0.003000 0.002000 0.002000
50000
0.019000 0.011000 0.019000
0.018000 0.015000 0.019000
0.018000 0.013000 0.018000
0.018000 0.012000 0.017000
0.018000 0.012000 0.018000
100000
0.046000 0.038000 0.052000
0.045000 0.038000 0.058000
0.050000 0.034000 0.044000
0.041000 0.032000 0.043000
0.042000 0.034000 0.042000
500000
0.396000 0.387000 0.488000
0.397000 0.395000 0.487000
0.408000 0.380000 0.485000
0.434000 0.382000 0.495000
0.404000 0.378000 0.501000
1000000
1.015000 0.969000 1.230000
1.018000 0.967000 1.230000
1.030000 0.968000 1.228000
1.028000 0.968000 1.231000
1.021000 0.958000 1.236000
5000000
